source/spectra/flux_points/binlike.ecsv
# %ECSV 0.9
# ---
# datatype:
# - {name: e_min, unit: MeV, datatype: float64, format: '%.2f'}
# - {name: e_ref, unit: MeV, datatype: float64, format: '%.2f'}
# - {name: e_max, unit: MeV, datatype: float64, format: '%.2f'}
# - {name: norm, datatype: float64, format: '%8.4g'}
# - {name: norm_err, datatype: float64, format: '%8.4g'}
# - {name: norm_ul, datatype: float64, format: '%8.4g'}
# - {name: ts, datatype: float64, format: '%.2f'}
# - {name: loglike, datatype: float64, format: '%.2f'}
# - {name: loglike_null, datatype: float64, format: '%8.4g'}
# - {name: ref_flux, unit: 1 / (cm2 s), datatype: float64, format: '%8.4g'}
# - {name: ref_eflux, unit: MeV / (cm2 s), datatype: float64, format: '%8.4g'}
# - {name: ref_dnde, unit: 1 / (cm2 MeV s), datatype: float64, format: '%8.4g'}
# - {name: ref_npred, datatype: float64, format: '%8.4g'}
# meta: !!omap
# - {SED_TYPE: likelihood}
# - {UL_CONF: 0.95}
# schema: astropy-2.0
e_min e_ref e_max norm norm_err norm_ul ts loglike loglike_null ref_flux ref_eflux ref_dnde ref_npred
100.00 115.48 133.35 1.542 0.02363 1.581 4258.09 2129.05 0 2.501e-09 2.878e-07 7.499e-11 2751
133.35 153.99 177.83 1.456 0.02627 1.499 3071.13 1535.56 0 1.876e-09 2.878e-07 4.217e-11 2063
177.83 205.35 237.14 1.375 0.02948 1.423 2174.13 1087.07 0 1.406e-09 2.878e-07 2.371e-11 1547
237.14 273.84 316.23 1.298 0.03332 1.352 1517.05 758.52 0 1.055e-09 2.878e-07 1.334e-11 1160
316.23 365.17 421.70 1.225 0.03739 1.287 1073.65 536.83 0 7.909e-10 2.878e-07 7.499e-12 870
421.70 486.97 562.34 1.157 0.04139 1.225 780.95 390.47 0 5.931e-10 2.878e-07 4.217e-12 652.4
562.34 649.38 749.89 1.092 0.04701 1.169 539.38 269.69 0 4.448e-10 2.878e-07 2.371e-12 489.2
749.89 865.96 1000.00 1.031 0.05128 1.115 403.97 201.98 0 3.335e-10 2.878e-07 1.334e-12 366.9
1000.00 1154.78 1333.52 0.9731 0.0585 1.069 276.73 138.36 0 2.501e-10 2.878e-07 7.499e-13 275.1
1333.52 1539.93 1778.28 0.9187 0.06991 1.034 172.70 86.35 0 1.876e-10 2.878e-07 4.217e-13 206.3
1778.28 2053.53 2371.37 0.8673 0.06932 0.9813 156.55 78.27 0 1.406e-10 2.878e-07 2.371e-13 154.7
2371.37 2738.42 3162.28 0.8188 0.0771 0.9456 112.79 56.39 0 1.055e-10 2.878e-07 1.334e-13 116
3162.28 3651.74 4216.97 0.773 0.1078 0.9503 51.39 25.69 0 7.909e-11 2.878e-07 7.499e-14 87
4216.97 4869.68 5623.41 0.7297 0.1105 0.9115 43.59 21.79 0 5.931e-11 2.878e-07 4.217e-14 65.24
5623.41 6493.82 7498.94 0.6889 0.1243 0.8934 30.70 15.35 0 4.448e-11 2.878e-07 2.371e-14 48.92
7498.94 8659.64 10000.00 0.6504 0.1219 0.8509 28.47 14.23 0 3.335e-11 2.878e-07 1.334e-14 36.69
10000.00 11547.82 13335.21 0.614 0.1206 0.8123 25.94 12.97 0 2.501e-11 2.878e-07 7.499e-15 27.51
13335.21 15399.27 17782.79 0.5796 0.1999 0.9084 8.41 4.21 0 1.876e-11 2.878e-07 4.217e-15 20.63
17782.79 20535.25 23713.74 0.5472 0.1293 0.7599 17.92 8.96 0 1.406e-11 2.878e-07 2.371e-15 15.47
23713.74 27384.20 31622.78 0.5166 0.1724 0.8002 8.98 4.49 0 1.055e-11 2.878e-07 1.334e-15 11.6
31622.78 36517.41 42169.65 0.4877 0.2299 0.8658 4.50 2.25 0 7.909e-12 2.878e-07 7.499e-16 8.7
42169.65 48696.75 56234.13 0.4604 0.1533 0.7125 9.02 4.51 0 5.931e-12 2.878e-07 4.217e-16 6.524
56234.13 64938.16 74989.42 0.4347 0.4088 1.107 1.13 0.57 0 4.448e-12 2.878e-07 2.371e-16 4.892
74989.42 86596.43 100000.00 0.4104 0.2726 0.8587 2.27 1.13 0 3.335e-12 2.878e-07 1.334e-16 3.669
